62251386153186064912294957200946294840078877842489583403683329628405101857432257335243915599698148984399243637423953283067391749129893743241819453227608345806266808892715842618621629049854153417024760818766123798768375656023750116365536225977579139516700039479864661599650727186701916443240034253224421881097
99816490129389252227635200807117074027602403366633130680757312877056893690993483142120053051420838397296307532882515521962870879975969025595303246832113683305363283522694234063986917221597370617081082174400278092172204273302042304042286670843081938937830367129358078111155706319078807087248164166945978685071
57601010247250898516049023761804020882641237236722693663206342160675079609900992828784425860795342891648738523429125826125842978692006029994294228620012428029220928538721819382329440923700698827039129163149763073192191195699703001710853785483516949594585276774461490457879802754370279550793694155206142803493
73962546071386994053880423543435798780424897027461709742804911033686850810480056475562018364052331277591148990601591902985170499755477414482325722126462338434437222832121304268709286044563068407295203469053481661696548269738322740363414408324323231974152350179598684345579591405292246292706874873883558036119
36907277700941737697724749222868269991636777482772491836962195010092732209146997607568559509604702534541090686883037322629605242049713605814815274885173800836356528094845704363132762210427062068479163253339265641328493798768106819750344498191636596469437081564968634449337090386419846973618211063597209870591
148509615269235597159939914078918058055060469861487482236893062045697389599382919177040127919944744072019834388165563892428401703285586469743816767560040173617711413128674340213460877321529834373894296665016547742816306467939507035214386450876436738625201912037571650843200170936779133521941375616873958476221
26487032027623845832839334869151034380771423425699484490156383489996151843928442483964558500292334180807277518040020094619912041267023301348749314944025798567095857772112206422585764323056557761724712881048017328402253556609977141222737769361900041526898044482230761756670959904590107641633623182534263196781
16229902774148811811134966505190767653071230457049202337497290731470738176236184505638779871290904949915464455499237685987922131027761686894960328901374542402851220963310752540082926856164241871802065987725194810326386707397324979765891268683395193836971816888432392192954326556808373902941446707776889372821
1487805115482331664325205007415615379771369344540382200488135961763670175922644376341041950281404700338239836624212150434634192317763042361465579012676747465848060724055776320818189584870427820471220581123775584935506252067758220526498672693606040329841607957280337086613381569591660433414009454795564827643
68636890844392931320057401201158904054314943546577568276009368120928606422861852453626029717410607658547603753699931607013809003740423970408383564803942633479455301187898025165025109127484775098381442567821937766026942219535054358652138195099961225418760519866893181269147469054798973769041388148775689954609
16539296657366541104097314457515896795449269320325319990986751577966413541534800030810435023767273989425216150248276430654695693535895481370416040773051540837305537556377898877802228071303222118190891097244083071601869884243348712377066518181100213372399571885357374109149016831453127537712978722430361308799
151155970232197428920624664752942091658224082044664483546707229411643583743486760809136502018430907679728313482233001010117423789279884219103377698832069086563005493313980093181528149818283820378181897929100932622698304382101472383681179409013962608160020290376574706558796720599946613933535550613357139227217
3715876192303786464973925751736898725715791026252045543476289671598353368671556059986794542917479975829316474982441376199559486103615320211356658577557457320646075997232822229416675315534821789140569010623968252105766475007356922796175068753400753514110899549532925696180257335022745477345734249606242066539
125525798146800667452687785131041678418272212917790958381382023221595518293509261438689657166720492471457257122339410818418836018497648313464386602318779958900450137485166787484715351008574520374340100869717221511160300146838099801159262225234829965723196835122665398487429407013998978358225428107783257071711
5200898060002405506704517803139151466383353060436642042879712572928476299719401320574776749717919167005403774306588143745468974872976567020918592529515331525249594967325530417364788546529728461298032167921789014043959929491075874893964956960510120349195522114394312409929727146791974532814031853535425254817
140566877351653753159591042806436489759035003136847991092729332869808982874309256542424204799119215937836508994139224288996653344070564314626603485928097734444536045114943891279306429272771269259963520287249226717400620293446120519852708880495515002381516246808555835315416604062990854156931162293261835984833
73500551769417214080666402670176913552926223490414838277031494413250543974245197366105195013707949797629725277523127444859520418872679323756129526351035559426537908680443155947285729241704085615326816759490756778136833549371342332446785535996579223431235209597443172957690897338045468141462551450744264508399
134728582487727588869356432741509844534778448325551699369975120869697231456457391233677667947441995578111708970972183592098265097879371596598780888677335056328322869357514919044661148474676250029096633890338984994761030435621465895354477392506498912633163792359361021022428070936355662992548132376526580505091
41324626084415806744612160945485056573415615018658831404143721600720853765156275096926495772093138989262905804693787157927458430383369623937319645420092959221155173266907167602622366757387338380558763356767769950335740209040890004835251194749330770656207051381495728600401962399971636375157300299032683341887
33032014807156222119909951268025398583906168972691058118060565077826253686099430729159075416488235144538893160580529347728872985508946087151190322518868655751158078363043977639580952910197273888064557374485912219346535331074349975489504033167915247652763458587059758774101894070509503731132004963957108522839
39427362282696338641852960008901806898168909388742653473138854028167468644852211852088985213820043834562388634628262537453260330562099668948139940649182607533523030575929580840785320351114733156911846935057173235158282092125108617297369036565044265506124690636389370097109920343863623740045869537233688800081
8984489107132813938868775168893764303337323649861135591714634412152234147967366609076308295592879879527887666573414847431618769471415432795582530302466382607639047832592832421887677415886130693832888790672847108360921233945624500269784489242749073992783193295687907699788447289295793512344323287642672577669
149209099832797992552875941842375581963373951226802533883154604135303799648425077734355948574693282297442008389085705584982061962175607905127377967278625099309094542719085471289769221478468317563222573749588052926247975224676058924803953980650400425606168648486371035254701012977854362882500900248180376922111
164413397404476479793812094514731363405934035012866344888920757840896458953862751755501152640485701811412411355912023222844224243828083615353394657042848137555139757791963879427475406029249437789371592646669158320724740413562116366561335844091131669356584197319872127071751503264343546706022435368699874694377
166817967195053993470492461436720132920916510671838710375047814476494786938272012389166457994852780515352202567231539518922364216113752440075363945316209873526891638213972255083450204709609947474871342322052943144060609412614094509847436206443052318255302170050815948514732193004183227577357273730738335191343
127137440333195672500208928197914959968119474010036418270042994784821970225309183093831183389133611488694857593624881932453062722168092415761663569049588007016502745151213932156258321326443642228564852559684231854965950075029366319941621297586373222040232876327623291657445126334613801557500855897524275678051
110260922402995776697967552766328918479157142425667891632084378247494520816754250313069244366061007329096835120938772711793188842933473245650156406336699211806933695125887911524758868592669214617538053371868242838231131460496662729124252174962338276107039058712255313537142738798840070952107659415210931876267
113130528761027932133912134502571915051494432064316555726995322556394328614909530580814569261168195320486976468055484874076494761275734162361345701171145812770273559784302340685610177815040369282580426978786755178265234827647045028140350649073017479958457923905429081745895597214780830536886244390879208091717
77977131834845111586059911091656220829088094902708828386100329706533414019113979409925679452557561766027582026370530730192303724435638100146247260402256152020925899894659960191682618777205500987489642398645693522529441010392182883965738416118609656935240129742764919153522349200502552599851438630200984185953
132627517357462216291563182379195702872386438168210728357857937514755353863804879577773018524350429382575190585130845968724126751648973501285033671760630745006868916165819149490822907801703534485400224602710541101921034733501272623365737852186311015510277995112665480864895036668339601384688065082430296618269
69346068131299686644151208150883826363875416845331029115981093306959728719212688967632113435015147221555449327900620593203192427779618929367847972787572473848850147730886804381554522849093018203635795338668326588827225463686721982916719929026166834227390810246138844735380179810376718811256456133878897024663
118939866700677142354917242187611448479306149194285153308035323032444961998614430930910010829724078735546405818143983758879548006420773567129310602048267205477486275473389581818834922743344803603899305112531574521781537808816967644628379606578743307059300639533268985646195590794878256632256317469775354003867
44176887656538325162888395157676554571593484600036964762976083435534942139967717164261341566710778592913619823224283277124055101081011023263572066106876659678736234694399880781428021422727448508644222902904636877403530310528724782770542043287413355083766790480025859732955104038369478615934893466120234679651
133397062773276408650216225530917234488992910025431944422083897771277820389999566744323608264947978646591355905263872922205182551284346564117708690615637870836990539130447913416536678838698674258586411882922065259546919053114003263212812977444927443239785750481236313528756126264934966718079090472736007847017
105611881020653400732073567312537956396285429448467369907990059168215541648164354181015590170409235479389023197783830825187099345515276091381688750198246882464184773371563690090651979301086976013303978082390249106665759777895262982608019465831892226054333878398684288507063119012076542686606098340311194638227
95042941055160403816325268184985425415904203111710984867158849308049795222752562698414547454236781581373371105483479703575066975455383075184893616617915661468846436471504549967322104632564702669482834675229021021203705161555881373295745394178025045143411556328264274293967510994826622348544917430085668013319
56311911488899770875674958163673168711362696585640322186949539315485570217609925818685680559354733584393068905761310443869139217152324125213734506313758903312496983280272881679420988180412658257417039112036513000564155147015978889151244928900819853390665980819073701683363244307562701641635030752651771175373
125573368749619936461175989485081439828988655809054810083819417503476853691580603024882453042979473307497468131141465477326592754442054611248820814900609727892391754760896875859662256039168767787226851000702209644849487423877698352658183511779168842690773028987422814963841760674878437603491924227066258434209
27218143077979613957055072699887304143495833740707706228366140268913877423550589589544991417257990585367726695837756757397448885894042266027906197197524264858700126586696705206919722811916768115026902723986801235015045671959929635681762936378024606370330142972042491063580000625331017589851516800726221133521
113417921103042355111455263355885749310698866665649138930587479741658953380650951896385719617731490184246267857904930547849986970371876902680936192350166919684729721229886862431022025563915632217178046026048969035829768761612788097075685734757478207358339974752496546658518452450812622391970071090270656555353
152683163431211103911950451222171347324136400532554153411740142338818330957870759743755441428038641843345526496155605520228592639391523128557756928310881193150917506135189666364365370194018182534121958469500608484237452679357046371699168274682597202010412585984380768661162790476566516891310087905103224004639
178027611139616822430682974580943632524612803911559599403450498767871042995775427213501161730890157015777149393778726462527672318548771756378770558887112152639163811371553683423090867122547513007391391229975672703633545312513789384592441296511961484559973804422113421212260300665648359274341085607338325719801
26326188879282897905511324417125241675551550588860184903238994186519338336486707016285655902254563279933532186076114850068664180964483648957133951819877377168252939421594945923533144282230777724958970459701598710433067092410449594552192628492406350400573606444870590413982938070517539697518363059045712143329
101831019144286976584994877775657086121299221055582438523658151393710740947478746677951393051628080853430207532902666341581982213318465167056562447583435781853068876386171213379332543658801216676904559033811026610307008977512856570507529004972974995397969751763076206448810808716389333794796307391887181116147
111209237094670545803269789962179500841957398142519069941045299699873024532124359054382395647293867701401683116611308562339942234736662188853984706002997490749046658581806596227931271326603487750283007245127023427333509617932236366149690462055441838050892660648373515737517925613267629241997686997314998727519
120340139589953301761089767658546609555842977111272473166533952485312235734733569240634911094600249949299568738238360836467845597800136018337678543265766373858258343159659786703463828682646761345071835487977896679354771649457247089148976277663338572529384665654790140765612547737455293102516347530927488210209
73757417537087996634683892262139212433935363782562604606963872286376479474877404073859892083872734074571538607957625116897268378549784865500941533028525349234346511690677791730804144182983835543067736252994704976924934343190310282423010723395871158748609659709473236591177287625635757761787163703489102965681
158808165251905832979947209770002455964652729470748669862130410322518883934908123599313904288147585549464117727019714888339426843738234280248789647557030539076646720063023475132397045685468161965132254733405856278925951433268714818651191045961933230623763975395834328384494931230728495431900009715787942436757
130979163201704746462171577914113609015816958863154347186675596630895930940491515585845434664703264783634178976461714502764988880259243132531586422014010094955088440860410878060754825533224196784071072764012055491539598138923853617728433556956306889410038869805573314800123350339046638251436666031601936534213
111200104779394314336951978750018843548708772913089376212457127333505065107198961703514339837151922592757974303452349449740753223004796293047400215124861700418060824772896589409586428347874828557207909553102858371683956576163637632702575043483979695499245379312018484619046452325949705540618312601895097650889
76268709623804180215142377745428631272892978754355063298030756308706676543884456473305124867886756192664848032977104952066350088579242224384013157840985569946747596150386670125216462437382682484541582942278395324699721859414587064377519359092374984795652995426908189762666868452851939588361492577355011339817
133820507460067237460112080884315655000198884715851444390064321003010917157789033482283188994465722158564224969464317381521857578267159862507209773025314564863366566029300475477491513955110831903706627086410554986300817507940101151206568630054201140608875334309773931434649227534322967138155714664808228931661
177029448295932302245509334844237620949741295584406916666701549270916392455876408339688996384476358341991549020896653251212144436665007585151990262338319111946610001348137176624030577869991208588112801033381231672302038879691124722847800809610209793343972072278575333328453028084025260803332567779166382601329
140067404407932903442496742598323949752819605752817153884105083675127986383652410124484061304713951380423349396660710725031223362069489868872346829651631858909139926748598603435679139302312592034479094474448511374814349411675419251081905701834070956132874029986782380195994101665104522613193015832014218951181
40057021320057477949711842663750412873450379511029112956159281687089645201196877585830746860987854463045843260284614780367821161809660265858732357221595716113428116744872101146574651870922295932664491079110198219215889295610071253921333707522790221734521605066775750445510705784801180699760912805479673399299
76328513797248603822219732245557202612668991284960519488578767495498303372495480933910886433859989593360301357873569030671984373816093629647526540403846450887462994267595064919827706287532274971192483243435139983860215384512751302957994179685666191164082519210551619896183386176763133346886243129884358287317
51670033168674243185843695280640459753633173349452556256291756003047001121912822368903094620444551141019755100294338740506827467531928262267264177769805053684020567438800193991850676622355699542252323378243629840732440590208149653633060988005368193018032495631569565804685533578783287197353962382739410314207
98096554138219521494079059669014213746788917228645890651368447306495660344849122952133658169551898142711358488954728379542449676974688367585729974624245371408078223866127884640499998875670455415223961009427732557167388282505094523399780174701450116979499974332403393693710379936594627212476399229431023077487
149764488462475055087140419865516829262170727322093035457729042285653929794194948381218045629076979761226052555874693460864492154223197205067239935923370286018280840020890925985639215567833872320642749036354051519515860169980954858709615371037517786947523989349985955971767386505703566256130745769436459742613
102780784171852900361438324976912610297063386213605583741304707452289215128573294864120953952350097659022634188294869136887334653963031706600529338762286182827533643903570930213674119005369191966895127619984737580277422392091450837394005717736707238995571624837910163468372532777062625019361777601113493464493
93236632913529704407429775962454834112605018569933164741963380337701554901700219578092000532849126769486641723999595691052599966569088976792677230592229785982732788002850174094010811411128727619590639945714790751224038390606731620144012475166666778985087664220069345283249547747663991285836364687393634786041
125869859371668637704397376101950329455789183974289530836748643034570767621436223320962222890853253395756659772206531279434170614592049098371851544770621251618505221351969026227929281580854233880624237528732470179347596281690158161485042855522071655182784838712691109271856454186065633485789100156892351906017
139699357748923769804691215777098818558089761970006080006255062816971870952632947777892931213768664680498600478136263309782916273398103851154403341282507782505169393759370124747046786934972084876254856572012723106666395529751271184287062768388715971969537091199272631361536071006256337234927325799880436690019
83704395810810842462806098627299014097551826098336656042987728559440022054888610679106838773581535435555131099685528826319505743498888650766181955275550776364116984789449714322205475295477625536614097796284828929606049879793239692022339405579814515244722999855476755943470848943432432582047909735669159057071
57347818736452407277043938607280896110484614277671637805051168781230870384632127317218322653820307852328543233438402001748925532484974333768666113643712380489566288902240966006923801669927503457252247783295477690741517381407083904486219802697487707642390522128522467997566469468803814827973341276493141167827
23987537383439120036479699107163350169761779426457296687053646752800912000033388793700586288425590694428827818564918535961223265788342328664658029130664145575670133695753317287195275914326790028005141749120197940781104356816943331414114102532371783539570094642212940212702083533184001673189105523307546486613
165930641556961482816714331420078558229746711412808763981546931889355563005767956853024391651245479260512743526097738381961796274698116040539580829440376421058636271964377947164199104961118058050947685040237199401850184862024978827079824880086031773441930156140783797764561186186487966763472466528949869142247
100816467347058950511521422577240825506157443179142298997026011087962253278794835417424777335206347254815937042895579311375752786506613417174880448449064154779964719896140549281371450565780390944188748749532005202560239210099714761305596953730833817670768393717954829035767635037897259534914989968034579266051
53115855099567476466311379806198234018356923463552750648172685044098297074826362253700489521616348450530094609119947508353110934279220900601489443888164861070894610757007446881840325007481648096374598933358882229021937257546934913145662650106846822614581258402314486154883062177645100666759420363636197291957
18979068514572718521849109122868760600833132415482051182958546672545779550279431530588102479743193665204404281578907373230954432799207859873218900004522975116654047171638222448892986953613411670325431616312933033148498920194013845247159023278390745765059189520211539958356894551707343233411718896714369253071
62653204020444447913857348414274116426299212971487984901512455406215192379983697821713997667101528758788791072880219705533349173669321341637893988792554774690822121258521061771570676284695800688281531244952865169108602590235064077161678507423391191584435782526030787215615651216835463748590908100604573403721
117777333168835747042872017841258874644671215184214614312730191851185292645958377354936756146344031918179716503360529506324983835486963185789662178670832335772760630381991411686502794712735674947327855038587359343827333673039066545393807192976508258035003508831444853829887564959971065381307747648385242962067
85158575744381653936874267730222423282402821794705526777110608538770714846619928713616680743026005306802110806343581131080779264430931133437382356559104542782158835887972882058001288108796364663129761297365882690879979801372904206024465466543833791530214168976628637433112417743688739271029384292666415105449
64638931477698020940204634508246754781568778349644579229960606746923665949313364155904735361196618615709696520372484149551313421930780734848541879385021119043816955115623210565838223089058275709496698652731619370579640581690178217596198480349041558621681940782061541634145263492836428829370708531599243179969
152506995174528828170514257624448781120527610952651266109707429513578675325297688695570498913566603558642877428250301503844621396042257812720305524002888932953821455229947821711091536694534215843771172241847542233755866726995111466156287501741778217661124418056535848015590168291420019877047609412201526655829
25193315744288329647997996681141871677787857496959500147021431182570037435934095216074070407591226052670520967640861686682163715981453556651772750542906140981072631251615278453412737207970015349069053298110042252868847775167227147267595111728166284157575700932306474335229725141222074795231975343548795023783
144233609234947600320079053517697806248787165223636820073445014020886100791105208970667785669817298938675528334610410522688813844213758192857441154043917386215779717285137417014447822303405368948741575048668852690636379874762382733021053157433207122067917235736119932435770660009110551147204870937491751500921
104640384046417004170153544421350464710285516938025478379926780376816808941771940696346955004584793710172050660059486791926134040775687071453020368944296998406137265251743148213289673676777164197414633979707851396617875147971599231015967734246970369964284997509696658916422692263304876799948220248483027088743
68204593436086049182055394063035259503134071485726421129631435364414420799630944237273331610630720114761978715433239387964716334331099318893541670152258549396804408567059338603024712539180191902848410237642223508024077752991031305103243848501861101159677573986966419944781107283807278299385742817905712014917
176096005019435522486466215957804570155867805991935554145925407162493299279972615035411161140889925987684481318327476829275710723460346625058497752004873590643019169180622258098716171643440104665557646875864501151663886466583884769055974572607813412497066839483177360096851052798847197163718104867414551009691
96020296159604381264558761644792120183021653533422368961020135101815845747388071636311530910961675013645830231318886385665893333138576963227055162786746889378722232608792267591930847868913255745405985408463855938679968773097058562157141278826911509878019855590933998894069519192958856702531077818453191387303
4582650184101035256409268781160181730619119556024658006594726642790014702037863528643771549445909956656942592224064785512991799823248220002258726161985612100709807473784829868416901594362779569332117087441500830745572867501930626127509401334222517323255052432623183799489746088195860374686649305397864627107
105733972216224612363083199600965955368743635435771136712112114699009973724911031719638043720986027993398884970595837310049435909187024753807073361687288334245331392047126293948053513564765784726977883024442012302548098531637874329360301198734119403362115528277132817244385830250189898376543886371590664564927
99307782781749693134247458707388020754851295831703733884262169440914651163432022483082191124668595127143051257514787505183318374751004170296342208576384450946668656314608029764302492346019329168581951690688375560390086780751351674929192225086902782024094844949457239058036090056904965808089242640805797853493
12105984982107819834254496607993803197438218931085341173985173523005780439330509051797235718574972639497114077768935860403033808309903660352250503262373606613143202058427365243951664870514702552065335742010946609089372616896014397063938687228993074119182899155505405668558601420981731516394797803555151393693
1357899258462536787188062346833456853312868558055981692525629232601423382273526969341281480955631650079904618438580666611694846155690983744688830839522387732826899515609638331571053203103560826533849643514420751087398937365562510387956539138565417205633116134652402908361779793168351656637040924892150538321
114039139427624543414615977243299959297491335307292807422738043704422263276856078689411980198437838270593480453477518637102878284683185926986245791236658670926324257157257824021661526632039683327437396558696190029610102179825259910825027970374084530561597642470892271874666187310996628975096939688758976008049
38849415388155191338049308820504188652928315718439210550462726377460528768558628343485478205960437507780522849681300063051354401428209944332800400408718688132729359062351541457720040602112315857189121096983086341126607937682038521037469752075795052963593187374351489005993134902760090717615719376210257436457
173965919835918575499939796292540162254442363816087461272932289865890811179430658717377040897543240107276169428280321240001022514455604218025064869315578372354705987536589706965243526919357969126225924791233849897064863639819819215262046104667891524853086624557241451143349113935171477284862202607383256680303
81047377937695214713459815378390716438300537013549534595763131294125822433780143702576804852151102680031879995377184802568613824181285309986568473094383479811985542555322754643054003218847369705861090362085387264330594099609828443531229102394348224502558884172277898356573010785036333795679914547253982311763
50665645291005424024902792606826426112260310700439582641512159798242048539288857126106907788435713937314004548426236624804541250789156103577983508840050053443549046631735950197672304685965323783174775340971997845941804946892289659100205459498032882060705944262496519919692110106958104413831956914892484865073
101914880225365747982848960182732296538156730982422894281371213672769307409378361337302288152125623906400061864081224530843756251726570480705507109317612939484700454162459231483433569411632158280473936971508704843900622450746670563753180161270253632739741183779872939007940642180778556045840695999593689727179
155825009115001998091665001273245869955459570205272757815687404492080967203629990271549900798718911574792025210400139850851519049359898303725958977403322778268901594192856278419991941764674819663188458644812605179923941157195866935378807622331479874492286722561308809503490992877200544556866859081895345198289
127941392743677417700347481407133666010023591159978124368037900303820354338686443323591911563170901527240309322572843971924265341007329707269584749577978091929362282636505499995131214177959576895441325905514369185835552896478591704455840222383217605585714569811281753020952000741169319315712039245479774778923
44320550640099975016315681563435235771548587763094337188452298234204657936548304066178587472911868559833537552875114164778266208022392896914947585433084734010005006572292975706823184809417465491220073186661149918919642476417726219315520502637802203639300002436429381280514186632513325870785205393549636256397
106283515877051544608743989331046872072261398430421295242483701207578557643554292329112071291230519177203688754333192936111222775320001573728273709834372893274698836244311457479353399088534243340954568905809613530785007189540426356943705572454974708443624339803631677730089690821845615678993505222363307046093
164671291343587805513097018588272428211654297122301094873827150403742968327223708641034435870524324569913758233581922745937019240443754915426644442794627562271629174573079286389453016587590306489649315546288004190941627389015029663308185839549067536292089591149144945227269468632814544155077386617777407726913
136972799628706191750933495244004079758043291105326988663265272750371713580755181149221298287491897564486674267184441181697169998702087497718454615664340104692330467410028923354839517386196947388689527155848739405911555377284792053568757176929011025794737866081973636313272100615980339962439660136000422617657
23875661387932736596437369400389761402778094603987976703170532341896803613136974460262853537907903284844027773103127125799111630175994953003577820312534109711600864812193833119301432925742761382866350716889974726904422358778557062395868022844286149592088548625999817433670697793213782794776171649312768539897
100387628457190987933777272262971293031887900563254050776253393363937671074291081648393850136695290833696297058897547090270523060960199386831767444660430861356739613926637432816558942739217031413624754136551759393855756281194659099882540382924694963857439401132218742135436579966160063980870424630605328330061
