12115387178993476169324952208449696966496270460560629533736612252387838632969151600044952296834694005688584657839838771506286527657726670182695422435130267
10030675549058353995577208533577693916287926200584875181994125673837052015084928831492062318871846994547511415083961253112583312762813635810053795131173219
9736331898370705081071653541619965363312781244576948748406526596985487683732482608877225686664071722719624350002298716318597710912964561008994258858606261
9613214762137595599720006929845508105486514768053523565614675395806889439169218946806695075972555656585644465277407973905901862634382115734126757806170343
9917157932678996266731927863971455037207460289064900701863384962242901795089989309124696491688356940834180034643824250810011583417967191817927078588920207
9580856166788268830353691787834992788311882013667102245509634962309114494362695207673582378426072563222479986780512719395762668948606926239339553360067019
10073030170365888101693847916862078632160503234754849549442288824461650150044846930036122331782978760915810163664403073150167141772090763733128863302546323
7742922322228312275136557766263854476325331393876892895426263316411307727593272511440551931737173817654526810263609434025779130223869841863529163113079293
11059033649877577637671832621959132754024074605613625377946559258269976164783252237263760171794013598328837638747200870395030029668280260051688660323244947
11936657564758721651136586578806441813984172448125762586417157118187640090129588070508224614466770848384392954227224241905552594789071577441239760340503843
7973477685977031986847106811223413489869269864659409671775844586633029620797093288564215021266797673200980587215710912807223499380770805684629836072425381
8423144661993801538850037368019370570334535027824344099504003202803206578173096995452503809792468721432418723945891778902962152109256626180816702200506383
7340368385320117902394659085561097903832940775692264116011896846039656198524579448330805061004495975011070086511645616453579775053978153311445295823070811
11901481611493748799633659972539472518950712731543538231567866345537090276894044146285832588570186491927144582646560657222118095475485291413294634118375519
8884159831438355416474964409786531858803967356496064361843919996367807754352241492775649102442061033923510745042847884761309516518217253343900439114014937
11400808670282006703196960673577996783356412104955372659009853675320785577757369759968211381487023045284301884687851168017571485978669615577055628103353149
7094693807972592156439677970450369986895731815590173333584121292327352288480457944648636121497938984006362365162124603382163643497434525163766711110939513
8013886479733843467571390224813279866484641988139950107803282239596872373508768092531682080365903941994654691592175682017301871956130911117115531301152659
12811467699435394329108004247239439940332054605691481381864363626123539635600660489144019097432327698680841994976778629434278284631079066053850964375937123
9261511068633140396418497568986460697851971787569952233036840687671057818777308130548523277876792907884467771015494780838687009348889506276539548954442149
6965341005345545325046995747250661009692664208904341823904615108569206519061113346795330769238614200013762118120682420755627119241837308106136487759758391
11304115688827884004872093754340991245762957676378695010249481349809329520166581811039472706542096171015098872293330480582715395630486772654626112442024761
9629285670135504214234263175194264979796261210252172062880322795349414726335959773707632591940737966322409061875621821801865157330859426795271919265660933
12768189596558784307200644369291448243128928609572038564649985706187783193170703242766554980949946966241133783691748070491794719786242050727402893179193701
10788550156101731857223447390710804590629400263496271021316507187309444592227565347398131414389514659836719167982618569254364589485233163721041679923479833
12029398435172020484392996811249441762451117666741267002916147380400504813614202662834881351145168605916788451608120853655995021590162931432364921512431511
12667648972908478655939236728689027312182077494311327262045284649344988476424471412977162275538295072899016408297912293573946782593982883069810319862529379
8847516953029167921729559992848277523671181948886546886028129390900466720084913758253983338322590147489354768769662068721071511520008563935608256303369411
11200969298718179795657525922426193465817384195750384851151952250009079647456254515258831216495518347089232148400604253667875070747317590877628364825616457
9159039109243960575956860328078458511907684417978235315471933118151557377324547238836641226309006424335447725046730687733232485666632003980901982711541003
8640242632537858754753611896910367816440524069868444876316931162084909355351553751237919038801286524045320059908700117071734747825072157709208618946293479
7378994993609533248706979816008729247137987245655147596574413672610956803176028001064183855449833678651320652203683968680404670960855014343358201034041801
12399216369984312855569210134934959920572368518205772016508824714334545404828646315399567416603699701668329145593810555214087311167045643982499814098712291
11335458730479653886433263793513061083281035826260617229706179821542249852572135355323957502789088405243772990738400026181659263162179275105649434559478477
9034799897386532824880896446457630200222889002364404610770345556163211064072195315018977340423818840143534247087041323775003155166562754225100558047187999
11185836990879656298069306635761879180575404815899638315188700130492197541659221614709225900635831935944979630889987149612434994131850047797363763181212747
12089107051851713153717169985752989152178606204726426315231081729703559803869383660883378910754454824972273166765982217321032047941073834774209490577610093
10815600895412047050127102567221236404242026330764202099651197263159675209357097380424124247622424260068126132817483436104470034505048801040251804040184347
7229967520943670079621389235303220597845986996612350809149735786304438290231153841537559324579563706164707236833159359408502896798585199156329784318468103
7929621437775520779046201059784840056276796798752607432312767108892640763622330027529894290547615078027674740420335709187969930708712899888686513570481447
9864342011054258042403670215464955199560436228894494115206267004165085311115201714870571022667499404854169133547809131525082898630363648231665283034903471
11834452790144853077948624349585042548060240206401253475812455883860201466685074752213972576579512819471414315815105159900539715427859229341716153029963079
10017844214904947870672374385083163940267299885354754779946869066964357122629572635000673484530283523066395872412928005917723168181972428935104085756345311
9908794845341024298588892924697900408478435415453760517544282479315140589195659070756043603111758481080035186576610825191069898066485851802440557814464283
9264954833293604265621052571527167176766632868486122362094278228868011387099590485042246073199962796090849111172992255658678406083451387651285092293318571
8554705706539273273439264237780931642080114896150134247126071281947848910498534496534939519274881199056364309431606363171238350834032723566301520208953683
10158910595113433432013469141694489504165801126614330327152946043717371438077470598532089379126338963665475861812635933973608624917171277044360274609104437
13089438461315743966409458973214736137048162542073887156490245381430112129095457801899583522141678291967459044486949201742978560755917132388511516906853071
11937882208034926881475952019977279068959719579374287459970040746407826113111881031228437077723846177456258141410788844539120879568125409943903126813810607
11935881976113887148603909452808490559360241691407809124923436495610771976048647467845367661527737847857023520205657052804812397774231537596463448901432007
9233306647230468848805158531018167770761287222754792465557875651109885175178406985554286117503891679843565595760245572002928596008221837832531902916223641
10946660055250224879175756974248205415824932920017283878041246433075107448158427607060252076645618220459753309267038929081186754251352220147278677810421309
9050829804706818099827548912747996898935014300243799473297206535425614015233434634772552267026251070481182141855190294266491322622855634636910979717038809
10830329053981093484188233042709868299934039356622694687262716288907884829145682519854971543570385191749697543904699974845742038233513054486144746326003053
8176681493805593747210259615938145240849690039422079599872666011523589060518903885614271494220803170789782486659453480520998551720954290756793349624350657
12317055600308087596173859360023611209937156812128402948419559914397776262246902280570332990185563604062834556201481439650198319139873038198199844385798193
10340795605226607145421773018406877511217935879572441789848965159987944950095151457936983139440895849832910209092007187503890508765379104472015327320872061
11828562014320086504628058252457261825233814826290886272974027885555445845897222580974007193053848033600673521661427269404137334612153802279311482819389803
7250079623149836886898774911348275867964883880149527250811558607779110881455841921600346065954782903008756349506424531454319058463046529954883796956954201
6964949023881833697954229597139096487749185748046169212684838372269154066081458801207724510688075515395785381435536483935503413507374631174636828669065599
8975466767819978736216601647621851793351882900535105527742048450606994205534560875866483577296364718296881174484144310461531078671924222129885612365384159
8082776062856788318167613008898945487484613792414473210779371077522299542433078968091892884072285337336022855125426692165489163271149741849179013674331491
9234902769914594478243838791403612851988731536278597730413440411114384610010576691440632560012465702328191791657226287898170697503896351675035077303318411
9281285085374345180405441286480617226241731116570994461665838580161470452073646606651647659639012676689423202949106312237273441531043239157365116452386569
6831529500481068333395074459723438431437478884325861514967431026867159554656341180553795123868258295164091382227111412340273285845934651631936926196858659
11938280006388682109326281298011310683959105752611562740076294420063769049654334609779085016652720967093030913609961344828204602657274663664941814932867609
7948995515137429457683710696430225108645246086840994092663915061959924138670121461734052865466061587275023152983590873404907283235170218162089568646196347
7669312026753686308827328705367569658781032117958658129057329588288825350712117907118888551536608538268142374031152811044177672832636370405133262433724783
8441378329763865945353237283670837038450927191899896711393974826900033561920897566587341271680816633507864473388100211471446244711519341747283340339628397
7107541315342594963264364786872561397981214291838381807342823474361580688788841286050420998503225102314416370669766644815195061872299170174311019187291791
7776069252043344327291033639884867883059537701341504934502666479532223032944920202073311205464365891159110418452780679168571140509826893701347001541121791
9408294027909598218444049472961224928173540746780930915502184332108623795575735803761330107420740539293373919486408592489211516922489356044431159935699027
10168774613919131564925744542391648263994239143670996074737554161988976812395621181216120227649598075978954865183732173832910463400133532429360941073927149
7874784346752068413405611479233746297074556741110448965931354020965572242055544099345139707792086264925314801709464261746680137513610007309750594294982433
9586942308398340135537367036442590619325669985744849405593747619043763940172438494231482158101225151086510751383333796961394278191397961604188195545908333
7896440308836710107485688728887970636337265559435264621028795990307835298185809119185729611561805217532456874050908505396712317636453909702499164195271407
7495924123892630212770424031036658798011960028320985866044703150977614733018726322321012578316407366109690201171279907485013178529489576125140704501846227
11369369435623718259145134991798298549235896161792238377680054500492709119952362057080552612769454047512170913393173013477081095853541085404482871991740113
8926360150831305664964392157300719900314267212686803831492008215682344527710210097882118472646862857612597039523592313832078190285008685129989170101920309
8094774739457930301951620985529759090223532395489058792639476562690409589483141671590509588523307917140101740898663611452136736896951720289697102383555723
11198361267447723888698185375209223025670823348327619198662815108689928306494977802739021318813169771246042404260819677529245881030927354821053595139791837
12456915119392967442494871354130287131114027975008505648098536858684398410115807574752089352365756307210660118706704389729341735695287074309012724333294311
13373597422308928626100148850429174238355038520846302590184323010139832365529489027626702087603919316719906370864472327168139853521355060448376976899185251
13281497513260927689154782275988710423545607131720152531901631958184384992433324566108836478335127843426321572051766939976473778403208762722572378929659987
13041831669717505898235632985946041187531040606604442612489347637893816425885729448995604720961939375029613026367603535293703561769336894518493984009217633
11047239080395260754360126709263728963733864333551664142209689554991557066421764069463306623004566315488888845198824439616364221386076570973672588499699881
11774683539522269300372914203870919889911396614627323933563826832041307378254503763955283698976234261100712108056703920035444470304365357831253783979385157
13322557082230544493408152464357562249688851578805214735869560504377780573089049589014975201255655892210137716377420836209481566909712715173043912225797871
6903431754578862877711114804153263369314243142743648381042420431204611607420563058393053613257745072366070832642773181118823175304841132989154731902841273
12727999266000652549894633454146755464064182776302361801085146927752389546657295850487632079374773598555902395889450825479547810216271109160344517842316821
13301316929852461570211374301202478704927481107945610296062943177739109100823638696195005843584543425784091882239466760136728345852712406886898232575941893
11817272540127998558872475107512617244188068817509985737247956707894136574362558672248014407199221258998489297943178874331347450910361299732848763890681107
10153297256104508050374806505071976647347974201519165575328167255882872636193733910521944792223030249180631180462436689021153317059877590422194069243533687
9962369122352455161440748914709392055691902340327266069678306854910476658425871404145181409615241683859682773030161389681794223134433532669443566202241621
11596119969331933454455609032392842604408754769675031783522716030827641835944316038043758734144735048601886071796964607626457950678503370790133507845702951
11790116677873320779764831879663649380974273156718997374001319058688852813643655377403345711631072561945129633405441588624657669366609686689259251057569393
11924349486619367286021234866348309257106909870229711617973278238491974219710026180391208690152587504343349163648097393567245573177846509481772830841676541
12077189422602231066492557270303788115735009285804502361429319014209902424413218659162544325862063211215595408878798619120693947099368504875982609171566223
12847561995233254978003273781200395399913925617005493386746579561090770688561647631208689425251329487874245225541305133776540358098234882071453939408960743
12021601811434127759414638572018738786092350301221972520280156607249403908211734399062543179472638285463613836756239533399595225083376230807638069141231973



11.632948160171509 seconds