3407254026787576747109504080601859545801492932468814641732987360873352996124182376718912743515943072021078649023622446753126424972489893110104258162627073
759159704891325613765604355196084800810928163681187197452129605662570313943950050571029741007985664896958827855514025995994475481597517145047433377734809
1893297292582034609907188803707936863406024429370485995108252888905518937432169774281546529552028672238527217855634696223375213567748926796822344307734539
11075588478228803619511170791204754209654959565262041032746196606220713378118939498967924725813054430582963041732353545814433326795507759211266783217292959
3301676288946393885058403260570823604268834114024693105512480762297273937461112228144794065922952940635563576530299449315387715371558071328819859508226119
5355634384276051147599490342815262103436837199826424941669809405746175651305774366302587071054551701318141319150522549028688143475983607175266111899205709
8163637397736245439344705864823893540583921741554998281957497143969987894062381369954711456835524693987330236905784009959437297492994509225156310782901831
4254239108803312302020377308521142489629218383365852210404937179391575489078314751274750418955882101493162259743819719036007301507867860695967395276920771
7079533917352123081455116609807408106554631196328722131634370101775621464887830535517811975507147544219795717952530820000770380925371323196105967454115863
1739423881775778902223030915607308875320523435692967076137168048367294640691178491765250000460973515944180424586314909349367608395658019881597134507911637
9182508910288119505015416841862263433104893225478784419463615315816524312181623084261212493675694454767869670780740921424125338658656123015227692199717093
98623279249945704932000260314109342135174937088472830627106092733043984618607675677538080898968454698099064614829568384792915636960712036727403785818351
6634250443680246621914280425041816954677610845163652593428336675273749208162943180210278095428435890729860338561464267397841284569515930661786967850222053
3434524230277634991417476860090308831031322063689915792204083267693574974523487584709857301740139471260918224236683012952754177644062713864839228286142877
12334802601720680327341348646907290060815168812558467053493374324376609065806229015630891803220604412735698897151222669666003192597304902517346730905755877
6095982489111763601851741258416558082059343864131827340814147119240929548725276035224096417218167555775687722400899837010253835511187127230551803802436273
7839882890735541916971444416109425715417731160797039020859168836054219000097472386067325666931322493004600246476501968033788882687968293893455191193038139
913205733510941624989555983872785354223296124639823670025928341801049791321978328214391690199424425824462053486504469032300697535527748072022418924589613
3917412056842098029672323241884800699087363737558327914227347568215878733374924445788406068236265365518250641064476851239395054718964474287636458560369433
4477393138831294885906687522522807868584893868354828300298379483294373555052865800306184281098503288211916997457784007948937556242895516015853343646214137
9973034823624504566390623980571367463452687182274640626871117075854229668997600293862272037902986463701641396091349529510386932722849740461295112041925763
1790737262322045583096539519508758045870208274131846752004880060740574589141449143046112857413693616252977560349216064039586678032345475956630881963411963
2374608913504424573207247309434108669688194826557389220853380660057711450765939863280034688159314884180470713777889890443551745838847227910780640841211579
573873337067864634167961324597723203542043549171330095099766042427563154649973927474694462799950027546854985246573540909184508684459492422812951220630223
12800392944391553808116821119166020731513053135282701075614580668358401823619682617782365935881063510323882414698212777761219813939268277595663751398616737
11559901526811615846190160594203742282880422962866734861493483393147867934463437394588187545277859368775134727308864268148275919037367684879601483414398939
3212173722017340315783862323514926779723775207611396136932394834504889144009111733939029602187442737224001161506328398050550405545903103983127922093911647
1137744846720870247825428494479309500926314192928273172879617337322009110403056483730019478899428323554850805693055892638744999960939668789030598849775149
10912461424336400065044881868231331290539708520105244457457878047974390748144817722443063889927679506008636695332155011919113782348612517834160249339116699
6617055560763137011736300035866977723781274077874619627697186569604225777950886970898173849366194896396528178906781856239242034122864760392187725741834949
4396307116110594962024724620728261597625253810266767171803504161509366888720584922903585689777692775121041438408825077715393322290117023814865201394478847
1718096124641537820992443178702421901109373294886079762641559166235932223283090049273091120053842214598360495646971788426509416134897212362353363006556751
10926482002471703985379064998762913811922025840480205205346777907213281050487265973790104066819576089326213214619663763948187377951460594996744904929160307
7469369726286906900249446711555218878490317221462916700931804551836222309823480714499302531327567731639452765435377280716530151723031648518564544981935541
12488929416522131188581612451723168530495343949419935483233911916049818334775128820618479670077467282860659303102589174964323221150108054019852948202233201
1304703655560369423244212047944054144551367084954304773562327004282809446075767488104998618520993638988415354588857279568970771539833615025056743194571643
5607095422744059858958581499294995454195292560954317424623066176467127707778153665349804632223118979376485698072759164411599491915131608205011475162905987
6663633670836300256012498295435986767414842548217005701360471803266086811258117323115395254934034604498064705458235260437591010446430295669184967705272309
1184314829359916427234761438463265552829416817779773085965236348427649515942603257026789308062126203462910353565018554367091747042417437129255315767731553
3834259664254973576777499089624219252102431486199173403270505061016172051907554601548111769809555859357399525174233372781455891586251023562946333890747497
93995776845227910561434624670467835422989137793513097381760504428602294288967643303730867496923049817409541019001486472891478230719471207549613292738131
10187431659288986009909755240929340095293670893197177309777041628929719725718402045642078733051172581433790382116426821577589937531250879212754173395042587
12213806090767718114105539076355616595243083012811660399318830288303483767138405712168481546287843991460494444073441566512148789828147623576706694750302189
585421799067528270155848342514729000324363198317320888337465908505069259479183247048454336425136844038272557393753497052619922583619511296046512305898329
7281128473714654633203518785027347722710503630637181785813242843625696994705404728997981177161572232813739994922826884476980378498731584201991626359573367
3676445659475450450456015439820066803584897067952038391581932417486604178147261525941716386207759837304717494747307867198991021522536657932493246104983787
9138289112812197336554665319490839253096095535420088653289523406251550579590344314095891586845676377837183313919242180655127155246487749305076962126067021
5325110786623506830945665108733465206588497263597053106901053104264808628458228261896252184930047418111515349491902408812862063605101613091504391195239589
8650900596001636965466232890518737558474113235907474801477435140288285167413041090266083420044116818926564980531779887394097736516242928690614748363960179
1262312168099863159908428998440947830814610872841135841415132871437698362251863359546662606869272228596866036351523852793010115710344262874301770888190691
5311842959526819124476807426842713937233104774048801058400518279125699844231470537873646786120844873570790938424814394464900500670080714667282903899258511
6036217822805686939596200788462352433666564227854450766738255708568477224646818288752806229637059967709359885198465174513675448187815729924940495879281193
7318946851868387355060405216210804459368548616046428542498989120954327073266447302066577458240097474660766757426280893999367565763507295069686327550381217
12994117713589082370803561202706174553013430307295822372838946079791878485440643950761878342892389756154433530829974533370240780196270914067979354902873951
12751530523400522360016497257183617935827536730345379870424845956472001412528180471472515309534085714196455271619727193723164689419427129259237925066192521
3850830207518993740081344274130937510215244271833923094406378304795334582263751629953299868216934693636635501250893385227426152124783990850157958565375671
8766081045514660302219466109119974080483020861959952696703551644819443260353155151934022122729813608564737365290232927700362132720675880520971141386941301
4777879916770054088083487361352560345941698181127337983669063550444598862427189762481142662485655619491637330142214420258852611076017721805445808651825167
7796023996146104811661910971793055605350338881035589993648148509775711754954511021061128125035579794240953998360963929122061927164670445020619507150934987
8999192308444489906464314287829777826729565373983815791316928538883686677874727095143211538214738333648404221901636739828697267630188723928586372589424249
7094702988435835005351784246296533365544660619121211179223348601617490899844818621993918323508718225690934540343399262559488367294357647469435425977772169
10877862099251255914811840366646584421732451432448554478645564550120536293048429271357103709736114850851474689562146990512853847016257730963818837307653009
2085818398744019894001964132453435993155913318346039938165458695791564549256761667496393030371871848328305350503022815982771319960643431311907581927284347
4772382253302945883118584948136168047972643632699269000775043121490360787146141275169216287177166778811972172320447359147481043018212269112980259716381617
3677333415894103855815821221752197742879457634179046974790999857966215390687199786407366894909055631509883946769126823992108432488994082720411288122412117
4019634473219512159351636590837984590986665977132147966446967233038473831479678561327351728757174544829468408064196775443726130095837903343455551896625187
12721510924232929921290884990126404139490402824505083969663656839316206798843978044922235576322632238903372230536867965888899807265398896055745280642444203
9369541565190212162242586974697274064806558580209831452287999172952272819860194811761974051120176474408954794163195706206419678422271328344017270756463377
6021322991503692419011298049967204759107174767858033339865296793612022579449596556058338701637254281265964037294366539397546538184000451435303485523296757
2486596293785421906808286519834049527318981074819122768085337024164685868918003129155976856667927306130068604514837581076117856977561029018853026652325411
12278011316763654747168552974408820366339260896394060268591080322030803956572434457821999399232266031734657234907988505122297723258388071904166990753516139
9018889224694519141532474021543616935267960044566921499982446227108361039610171637980632402728411821474321402482023065584696294344546698189208790140723869
4692307223069316450085722971019521013324635961737044618450822860045633711148855704474849782750081841038097433775170816555136053971075036234170725832147191
12555165724767398369738163875549848378439219071040734771058068810346174711042403055200252369998045225413684016641553729432259381807238910909172004918259741
2902824253892982948802155000514459628942025066279418787106220418907518652167401584507115364167740109869780254239318006519662737525446432749883722772989689
9206713235475144988198482982619685315834620436380139760946789154755512681241147100427038163697832681150667865076574246690018867995187332578134356327034219
6064219421862352929625545099208353266726015479121456883971206606465105391235687747055188492262718035999490023160696689970311114070338277112743842014656069
2493547714781589373102858868718451504389883199322213609268251273048998496487848965764988716838687703190601775265928031512919332286464902080850576061492111
12418318256998886446796181650136880603783610604022927532606930068508360410459477828168074171952382527378393223407066874537142329379058510235356678209029369
6206942242290597623856042017654589183614510851589489364497405464386973718780118442898884092401899791318360759535052001747778832327860823382474124330782701
10912323679556144916233168361421475568541206605156963052302780633847217170757690008345964209251785108172844253201273668330350819144721342513728032710362173
8565846570607474818037897583357480303004718649897710654878035802690154932997722477300363278023633945678385129310097681899403156722141119463195763894117279
7212487454174255075492724125330922434429163389433571097890072010326419256882026634099665102271706950193938437922167827198531648359267704523705061164889681
12029700957529996651706292596544762323717526765634048038993573688834119044352858403134719391245162242961888801186481165411583061727767009767605229438681009
8029899520430586213691517870366628731320536228067388718875729043127460572742186604426640625112540292349375741614816688029577561859241949178286513756380107
10677527449797033283924945797672399405735409263084511113196478745553402557041392605722987621032442887439193340802256478716038215261234386306709950733888031
12574486311207572634159294526831135038156956757345097123010305329762939804334544693381553561785836117650058361405799950305509509879829818378202790511221039
6580674653440804323168728594288717226759656442282067456116303882061775271123210654045050192696752518719906688116239346008457622426943653844813858768345729
6903991458704229832559352422386470387928806008836785592184567758701231226659803021047380596631175842021066242724053127692324301838831317031654193264039009
1243858273570064855788313269822461054747566756182575696492485045857359796458821623722159525534782172212111994010174896327067549069400879276548720140586067
9181472225005697479263782943655357064448085468290093872350157253006581799314466735538355273329440869396206238143733794528668443195907168986873356583360333
8894985950042051522940394085187244197399596345852287095581786264075806284323754135949001912363418510000542266993770092785749440119095423823661569676981359
4499968393880317861788116629365695716144713711169678528740878856769811302985270466551274832240987561156714901710546574272339879941740317464713345062827229
1662043123699074619610174242045572694254781079476837190533174729466822382202488967372072911404323097656296679054008813116782132176177123609413356054389001
2052928532203744616600484232542801469121680113503391235768746088685639713575132232952753263140223552867677653642582023279750806105424324109794200965977171
2684603007081311276245067321102924655889275835113826731793627139724662840528247792217430182006397394662018396184901038556876910321044795317426533657769499
5671294989664427761844381907921524069983663017013002503573509944373208684740017818704900974051445632460509575629139832827731691992448387043205433066060513
9143266685816828075261348475240734948842036843858237324093760803289735099865952917567574080578453059672943488160931308180188924242943111350309842818777313
3240328576750555487848868506521175924311576271917033890486859609586245426041048224169438777860164810845053681153345134707348348581104008044072912124560163
6959982013622645785144875344070900768977786340719870319520363041128677332592604272814314541729395943301600052100912874867430322111902703918599528874582189
