159949100631760357675188945242042888767012654048899115127761121590403351060570174801994577100804229049852042219085047452142936176259971981318227941800644219038576587429481561985297231479670436388403477126650997186697205210685301402583963164499276847758902058712642713939319394465173030701514288468945007672671
114020165946136090306127455095957740471783131679123574259439820152762729499429282549371938382317397488538000411061626244624989697155404053176378273824777849428906886554066711626642849472115978090610576941670367071850290717717190983145519253361704053342815135714530817813367829049002239978433461148429079442343
156636047856882630925797480732440203824646660863728573165269602137419900292217342056214830915806301534059609791488012936709030163831410685533281672587938913323190039570331789462004309645121768864761138730149918008606001417436393839044976540915373810967914739586435241468533171528606223599808077164029114647329
103949746811610987158121536743417360688919589209299299853668148096043944878426239804751208499144693864779833201908307038242748885591689170741648993637737010146485095611299534917575818994083149075264399909254022831181565499989666010013686574118380544690790945152470693450371133238447621499793218434915764656917
158137023551984637505043275631996350968676406631281063274987485372277557838559698951923006391012945684159149583370045955030756214604446617994297776003044984539631452136813976092079309498091497786530310490328002140664416852400973217444857286678618371236772259226235486089977193497019151172538916245059536814881
172011918264775413274903288074064883699968701308789815620063427065799437673470717757335654062890282585168996847490737073220620064212547422020461915445443991115042361145091593450235377900257456451356056873257101761884212788091823420131010199703219285656987772889768161130252030436380529802745799736876574875549
102747518603694949759959008875964689019727314363712907484356081564674200929193691784820974122571535595309309271953464791892631346096570732540228683650989057867946400173143492597059496652383759364714112792859274263198110509839744226792898008895501564810282580955616465787822100522091963914071603813947692834411
153207613540571192050184650152140848763121735132771337815358428337746280792979922431201653104824772684369836618268847045758269132375718283880409116683454141439825591472674760693988867720636241608050264366435381442687001068041325716194029330393479331526274901617195088848106841074641169082488412558214668714473
122749120771605620248814527577252027114539715158097917347148900630581928763020397820085334818430647088668298458641367267919522531693511083777210646999622589972281144592284578293716093389119310655565219738222861437622178978149632207068020889466656568628276008267945180205481423178779602619242534048509979514037
158269031656929413772274459475151080708914517849002295188821158228611131719157444992879910400987924067577680947235313351889926409046113828047428772500896408804046677756761241322531196277039517160183043658866686832670650932218016178420096462327663379176821415366904048770204070006323689237581562042455756818489
105317634095630300788049082317627957376879671873337028077946939715652046713926281038656436352782363199610640464706912347632439497088268511410350880055357606747641107268004326008439737602963476682130161064830351396859300302221476302131714801000160379120983962153609915994051303639615390383994715102080242517577
155598742130658467877392440348226628236090669505930580223056078935689373582457827567705426167830311164880203558897967032259647380370517846352913630916328240261969150061017248317513614428728236096055474311618191891685992311528110832127654741743955221224516653291177418381270744455209305358284744087247742234553
150478593457285688977722171857284022912953992695971292063938152186515921637209214962678271733324180454714464951719548094696226774306185533169198218328352713658985328341987343123737030024360122427277715516999084475987717998295309716685584380682171390655303573651802808233395481448213712260980020721960294023851
108696253735473345038224245067276202032595128162953953039054782048960484802499460556872855974202618358404055607979275713035511884893404994164484476858616312066328300811967279361927652574278677571247141499959950320399495528478746558533625880320774557744629007021959669169371072228664465827804532573396399744523
143737938367173877809763995430235043852557174133146789568586777110649109397475080479407576565139522820195964085354558842996437413465027189689478577386572699970873599429645683082511317472915736393386031658910403495206289888572026085981431381354924310705093844894152117516986900872107173251654841226090983773217
156823830690692359461349944345946115860973277818263358035983880669970320189410694477996818699543017826412681348160098009739573165699313606661706410547139415194386306215119598236983187833593497238833489803834614632496650858294065227313249796823323214176897722016214329052007227156346041792392598230100720971307
139603822613729388411722089957653170262154766702236774350712901756482839060269485087890398856367827089057456479086815564874686763276356836743068228495053387150985055507918003242809530421904804915743930089848874152936190418115111570145908969876196062573830789435888678806942832116852882059769116473033362377369
122753957827756264602684050036531789728838316207050521437967277088121853003395351745347812891223614524676519820965573121857933227017653167879017229239765039532474515686054766641372506509395750178422964800554611667335704022576218095008502677297212524756983433003981517433248970995901890057917031854456476922089
142656453840717335247192458682183341182835457559912630938067990958001615186339089057750764991386301053616329474404319553683088952020072956399381627132685828000153094095970450316962144035565879408572248712031554633470554972053597383925166670089353838290613022105446783464069523867314038482442187541407430525101
125052918037845135869489757645086932791615539239449573853860122746212312214851200358139963312547785075096564259571175848292804992912278514120660529989858179426460424936420592385660796533494995581336981613185596508593203223074749749132346513089714345986575040904202792697113881488768539195263411468663816133509
175986953116521021410442118724507707326572510028649678085418777987402577898527802006935408768099108578193727141633568137454743510293723843627272074619238968790100395071000702834744478508547174975081288377400990037802731561152431105193802778940338334474128706652573229373524449068624629525320795220438784367879
105181562743319005263337983847591308741711989561088310574054145819958739125748036888169096027566138361266500108948932160609993044855586416663942077443491113962543744229998734488132776618781695844297379800724667948671991013877603975357242873304348390201458422610879530290859847167709364817421193391444223867867
126412716609373507688829460528682325622416587161530842017308147316690717013663366163769739697274300117249160609241133503011234089663707525040273566320470430948388889659720756625319046142606723675177235615548658778416574088133478519362008798868083501510856028992868236149777618492947496160098452998295624292901
142273173669937614781119847545126233646014439702124892962800498843759410891250878017904706679145549870247615725424662297961680230027262570742545778798907291336150380780883278080154099496472453132627485635999075626867214892993676693798010909955705266864042764293526445082172432997077396337055113204170278480691
118736564010513657773021976920021270640924180509257351095622867332048739398540998792572684274181514874332782948640702618263272157805210919127513328506089666175876262794046677249494660959597334869269486780650255089154660244032633721211950191645864795335866280424521675932969593483865075984253593902355756180343
121558006059301397724658131990459156314816302028841911658799352990645709888163423616864766655187766158781559703974466841511350143538068945857279838175842936964133265905591405193514656259285182085743676878036965862702401171680512479516154876658753579100908657903210415171478999055071695161624347546352267979621
122104890071606560884327921713337224988089144387046196681997574226832413933014121959427957844338145012903683356822548007441602951338849069334489598899092887257201783988327274626256923980545217883690922881706590983896240387122117749701410261053663635344049506326837389865587634427043449226236610517146631207821
102243992126624927986620755682163904931979870859860688125316222201018509912860416055918453437623799336590697698894768164547951668063687634140105219477965925832360644331609211528719618335370914531792064714253967339253698388411506905316745342635817053738810835750187124109820357897369726724801141409181560815751
92205864003694255264208266354069070244317958717467409243781096650457038252198243148787302750963236294721032525341169600207404867456475217343473084468687613482588311931578001441650847459198214122648103211742384366954737728377639900808695118521088640392705747184835351937723056923164243982837744999837913056383
146676603643929393137470014955744719635286719527006520959033660115946423399976743025669762780697003506323795165926764496714220257338304590808356627243871740918153210141703801193913379974672654663154434323159889682179125785668723717414433477382205054584655768101665459074246226210787568055801595081253488443561
170775543452129880820045909227292600263046218860834601615945792918131926425486921973542438775249929921937559733365368324852055134383242753238066234606300204428009415552003821413820348558601389187549055500779595018687275593081844847659078501205252394351293414963595025463656831537506371150426510275659687747829
106849715656388382070690142429738583052153514501819816445248702697600313777466970585157110005705652512167988868400296067374868055192030352007687818428640175275351993400079161621055936026301528505178592773387122780987891856181337327440580904340922295562265706978337297634080397822720731003575457376191172347297
127294307041905613913595800536447338735657059157598805512570787425732801041083471267054968248434284506248129369560475858957312984056867151982721947836799719909770423252858716930282120120246324738280226495732771836724656693133025182028498741672849492795429743903358292083961719653362780163877494401660724797073
108118692353127004824487707557343691735992844318887856891063448902794264465008607276981925273654991122233506047922888571504760452175087056928997332952830304437630877992143026152544401830192649130246568042628920093135597489099720783030265353370594240062205801426709930777709519925959912148373927528484978462037
117867289600876563948622757702495242643254267899166357871185558490574465242543447216352300149547016128376972638502824293102855860812744245499633079962043437809199748184581878203085418947331543737922519908050955263240360794151083865992774029143518006558508795437858528930741566479867234516345649791269404533531
142829878895775887389611968914297665218698740764737863472506320101252646291169909733893755172432625106115067773424182656376189091219357537825667807353848978569551193122969860596420238360753502320993625939645087626810352439304381073883761971427408847670267216710271719722885397891830180029661006378924580471371
162154866028871523602101912564238378136753899916750129952393475885150706091125132829242831630868477684468979552944749890027787777272154401042619818812188902195904543942273525507380882092205175149217124094116782087518957002290057465825989856180263299812646398566102090910201599120060205828923645607817270511831
159980950693060623219948660915486112679749429848228336879284815907404829128480828687796363431881081134159863170740625204510453965079646209549478241140669670985567040619085312135912237662953216802277371063022392746551411903084852741927679348978133806378776249966637212283179609684882921143135250068321216087429
173338150875881562706370717197184129979416054029915554348345818511390832528447769633644831482585638590496730588996114931007528657739955851700823667505100931284351970043961095783357601848912644524398159192228040009690942011617879498970815306224333417195530233849555058174395043626945476971864684230454838801309
166212949995036061219425103920100602324040428753220717870909804608645618620070506371004858305468235969943876728008843186092901496850908964256501000385067582860370878675548124791177158653843536561914763618769182699134231756710351515591298382869578731866796548326015522343630453965987513476681347536305090158633
130783985534466621845546782516954860278164291086118515892370625872435905264717823500567718183107027670241746619853093102230499229193901936762539059449549725705840327468854344291656717757753640516403599034671036503905084080853850305167797030632414117219711139428364070734167214656628726146744320438190980355043
131889621993124001663649083672523032813902268894829236723662340026447922960079525798546740742834408437836902372232201769694711312562537552813770847188525153350102281289508207540765834885324717905590113874013596095096585025504719762771919324213761392023501302540965376845701372752055909956037853837251831710509
113215334675643646331363003206926345433394694920855340247186707866442474959144473415509796256057342107218624855947329427074982471143742215682780709952742625565333270759467536823409756026861574274209607335154546780355860070865209415930823452520458127697135081402744474158621381948355787228303473221295188950557
93635279440733494711437496363876271908433177730722848607189715048667081896730512884639206426010697871114809079467168939500581311462792076102129969838738745240036262177994063493789663431936426627882068910898737452180936650759728344591194095005937350906198350120980723523447480747523326249483494919527024264449
102430295696707918163258456181534434789690278864318468152057257746069059184537707933915877902711468866762891633229391381888409309456660971053431702788682910360293061434491321982165086154166498865357107319498202225595426515038524500859284848572586369246772936698243793812330402122674615054323109230425793043923
155198650613145062356486228214392160753253742766947743255970440353631622757893715767560783750275794380020015554647915286081653865792372510496759746744230374362004540193569143689439293862336824786956768591884433068576189737073863417370139190210347376607118177952373746972158261462829157624248898260686122613311
131870024071923492696046187143563486314755808750666631888821074686023126755627550737410881149234394066451330226488503965163801124518577981585388227522272949726506762062749449944149385844611498425354889036384196929255191277524600074658659646835031964979418767554334534203216451607560546455904826565849820256971
148301203362650076079841063264397006399916184086286796056588052097199473793333841456682944421437551744058190602457021691511923800949631534796695494352538271837593491842282807965199902738042204162458085445805315511384842560265778728926481519133813375973736241535322030987892097619454989161142557982060409086469
160027959992181229254175425916629632037294676792314512462447476947378285377752080665286067399529914652599364113175853698589907616225369531189880899531281049475873797649882531283478560096277669265703256647420290505563088789022289025600075180266412087308058765758147024273245265397077953759255104599090639162391
137258934692674899309583599334234259442865402285293049735963232430617864208930564732073240580262648619397938841768740345557360724260949381380579387307145343486157269857943705151163321358866049238695360235906334854063959218668823186023918804792201701953433849212371090384846786479271640628920388649767020599547
109651651390967132458297230841382824417756050620799743182734998459859470115813274625728547671841681635919304276760352629004481000655265501487404585795094681014267733056831173656123524299576401625171058882656498216987886103075335463600404729449686049102644868581011850046516393903185706983822107365242618640951
171610691581663729621198639374439768758382962687314467206408176575950923295394138209742897595650144761862915687196717732438319401340118096518634952931294709192478249912792491618243466423190551275491696345246890708905495395051232361505763425430188829229903872491258857279264927154860217981194665838141631795499
103170487235992579098535085270606747116922495112251823904340971814868557493134273979423155874125135687797936949622486974819729128508274445213057438446253413464404304477610535048789796942504519697432762085217581714482041754131133223356694608836652825837394617774714033333196821875237561984431082341618801739293
169935716810552114160987003604659105145259899642546992133514621570149063636641478492927583530118855180156979579605246772944356955756116120224886699496814164251567088736486644677551330884044716491091913551618838492973261433833353725658122272013186816608810781077688482276670369095608191691157864322419609724551
132041017360754119968338681814373861655379535454457459511036144098927487646334989344262189471369863991926459173780334354851678018941309580614295434355153423033577988649529613624984722952298877209667588262366641196192131766248576040654023013969686353502439510646149298445714297491159438692555937965965805496169
137742898637696729613893037874275072000517610088074739376097327163438746732393831443772774430793731405158280618781254682623600886377766199369213176738385326671350541442259350590966915681470543824527915650339949534403860518712461674917962867249584101559526373750435097271983569399224858668951247523093748879313
121390175933442139974492427230133126385759262981024081728776097168255433997825465438680587518566133838658651755764223056587157032940979906380570038490507337732726713926266328698943724482394885161968964200985599255505142999722444542596631746451106119057414634079323758211649459248762447381879686559492667096037
106669018620242934079362755962552292923867947715863863331380687548999003940146543240910432025073357495087422689224382472990762949487163110750377695987213572046035306092400557894430659070328484029697674889923596139279856954889840292222618393192859199310723649236439680969995594781694808351520852502622399896409
91899984557310708120841197151737370904908549986880393973012587015060324072556901674252145523197948453132641763289881556607632432310076920569778950174838385515264337892396153873770073237677138918997287904740740123167690734446562385129237506694075280602251028110865623007306539341004161677655444041105003448387
173551663765169152572120154897957907590719514275220354961001194078889424213651150919052296128997822459442830629915679272667743003935832791027268261015990971425468783908993838473239779284000581911690584883725963031169742245140533938163107512746698099161036869803903802669801372158423166537297133151792394835647
126490187048860175177775811666785809134634140775116503892674668042909434995403933179119599842552484834744077830213882997453258868511364920405098233537211466054128765885442653431348581742700799419041619676186486627175873733350530135254376441173404472383215053181989202041156134585880186436144873913320343830723
159391211480291770076104980893622511355803882303445770856987463085293060054580298043697658599433493037444663627204605711361101411915631707483533877070734100442753671759280019368772755841726137754538709688477958934802447561677352622832056780591800198422319581183108206740286408654051115080690216171556454510503
114032601156151608522355319525056534296903989480621900123713785406026583175704123019176695874910464832253388141986271180808800263809009040969910381928856844414396889000931018835900040668361147425394665131669021099340730073270226847993953512993634300517149182945898012194199536390186463947628091709561269206457
124847357713544855596448114624453996630490455276864379259455835800227141465793888995118394435321132267590027314295513133153489282277002587188815146209500808193917064468305771969174401318123390076280119920941629418762935281511886301821058532155233693585991199149389196231710025064261200887220364661840559343443
175537485581271453528468587282677364083134979520091109376477307043937888299306440811789353859346041180711094326655898032523074681358400903463528609360977255350388851428354391391063325306221494964875602988633162686485187578879634396106845085674580153820054389103002438089960689360701631293923975373795949533077
168358318801773552768204306200198311484813244880012502082095217177073218969332844458791522457525282811779994151643976406215852248722662675084552357363671712093606937838042628332172360135958727559776230428160575725132447407842091779411682188465923626888851246792652749469393136066330088125887314119651610255371
147570422857563033405841541312068740402434630221849556067978287986364484719082970701793789484513523072445148737810524852754982395524309031976846618881662346522824380946946188941255369043804808411392726526935784532079452702615018617337009120181332418820981912177452757036254096289070904109928310301661700011749
91435861337922618427728154194100118005248168497058260586443358123995802675755796947046746930929594493259840486441936342534664342002563256547073919881222584742256963181506021548250430706880560834939499994938104803960532417687226982492814686225538459787805963379390936797403786315181103033164770244276779809333
140792201810154966143050537736227702108525134603067552709606776538107886202237441737487571245450216379753798057556123723852508064524261577127859433589107171004137798611328103483939441747540256734765940594034549435580537100214151572458475747096135705627502935001709209182830186648839684883985428228723590722769
163978828843927818986557566369255121673156757492871281458083584112923564674379356464279942281524182850501465795099800745155094522217202161138915402529290278959534391585239711695411855576637706771477591884991665261853083835691417839015720759967834379158099373652071244004080385864181747735063457522948341969379
145980048082299568053826318889225060002336174210880583052185555920818943298933889854280907495992704323170488994851060598551351208872133348821655374220660241505529380538495217260414183331519549503775673587061629950878452917280088344916270653483982337689970794586404703415775422521273964653938590194195149967559
98855057234622713372911349879320291341573404118897923571831926907677706716039405583040274752510762843889456007544070744338440562568790691371809198028896846899869160767971505636940373622963588845422186843177650106521463413837759154726290610438706820254750131201499510963832598019312412295736552415525964373969
172256156028011427294444918864397219864410364072338561054421444264993266535276130372595780250220099275718113346627782227921395784201103753045696517960227065786337728175994840825296976274465328342277326120558449219530171767001393829429075943209534618782878716377374137378636905752647355849834413235790867986093
172010122331536525265460084499542886332656808485695590067175888173333602680911302790049234611415776649818863523722138010779300895242889658834196978989442839471773175589876379323040788226354631551812843049388169722417549752652989092699133877907833067904209851370736848671199639113634803828124677399361611449079
141864608749475492359347472353637414187382075212974311807809885418847563443569658304095581740282324948377643589158463788278868476561710516201030795161763923369160587882462216592832919766890875760620676227630725475233046245301223309748952759200879907860041260571804727761955316256299929128884469078430487540257
161676743613196177056922404928499853517064045607210609527703814911983760417478745594574011838882238356115933021603363286046492264525963377711369978935430788183520624050860047366046082395582915982756766014263577500934634029888864710315120809766149074822932382653978897148102322896415544088619582208791221179301
101435499800199937777479323629224665908671328007346660405712326363787566968259639922691261194614185865321378645974696323997183867008402184035655987980366249471757452259248177689607559180952111074853127983755888146245749613383580691794658689863135721666503430724047280704036351426105152526897449609765312117021
116040822990165793684617263603112633969374548679859680477636161227333936872319990130355958963293217882445312893105742702247268469552290823250088408969700394906389490726038718239596054234784209553237142583394875927053880334963944502928295855530303609164997041969899974805006659420095507760688664199957693348437
128118484842016994336133337614425741978595524080895037291083936403732499435748656202933586234784890273741149635595917177198657172439892799901224151063612774110213164100352095151539351466893057756632191401322854812650589591971689837421157816686076987886508263192477830181222748639643644255323025291919295728181
157473505519336847908184071753306234730819452765346216489992661355999894276044841298944130179000072765126324249547915166889630186541216797300894218138082576899085013874888032740130212830770309874839769504915782696305398267116200152232144974292286605010339988741187474362073425863617827385636902369494446113893
109143227278982303861147822968372594582907617534518672714345332871713189493752671302450998863409524521104783938713887863658716457951954921440860628575020633009365005386445056852466903252261570697770590196487316428767328977580298810311200376249388129961080390799141492770525154487445944206701551811843902998857
147084873478860924534326683496989469205541158112123049487244617953561326401389101423615436170815226352078666790699492786036839643319547188126057346614519129401649412877215629878967576637413018169486502289641061941834095051749697798251317961569855596180196582858552132666819180003069938885372573739672454273607
174205519171436509703227917081012379419861279044448097344529253206748989748090957605432586380655584211675569256934874843515753247433149550735411605975151863954711340149927919683160469454319801335355388841558392934173196215019137288068831787374165658478575790008418354712094578157397948530886283420890676030359
90015693828455198034560594873975173938256966711618910224432726369227611437698156296718896517351844017887437796357975293852153212494210366937631296136340891087974111697322547340044942690160278114746506865589026889748364071550613386607435054128208325904387235594591106626681049439565913860243324629932007238841
167570959781123437315916918784271010254556950252775082877843399448531721646809086151637766583012848355317176677614919915989858375091029770592281015407151250534392870188447539700150343548026823855503169770778363831981136230826969208336507342312342871873797253794794683407803621643350543807179969872251402500419
136064489000434558597093295889165591453632838375920858065758458944495603887973553920594446208614861882873248671366342742420589772383904871367493238291630224959908451785313441842206894286744634374305858987173597959093408087045101403096547649271846952393478080922457679739086105840162619969688194964772834564443
121731121805944954212452776630242315398952737986131549522087190854132876812381605892142792305877953313660061147461348721517574389217842577507095762247861879388035244173805821816670950322241855532135252198249001158797179818779642010027447539032296117288365955199710104840426644873191795513097278382325643875071
164648079435737815278301783505054267033311295764372683621445023343567788017416255927052414633811876972206221266663980997148676501736500270403378701163746948276834367613654313892427458831145940378138687325977196217732465200727731372281584726409979205368049304737723896024761227959351083107438839983463022665113
131044450313908818618011972269909166849366622252967107134160586495236157311356413812432525366230826206448672485229809374590014115683689654679008066257333684287611664199747685037854222051744929663927606103941482489912481022985821879336461170505704896688326544485497319644717711786897089820022996338510536102753
141574171972438263023700277974338400693114880845660759946832111651500118265085639585846773676763856137764166407204589279126434273063810551819006641654516496528853438427474141879385805293568988754839724297955092379187480846698154078380515356636016534713003567604524543346690298022532533038340438680426145355731
106283666979471616232922755461626315489224094873750842611350294046520074351082401419143141096513878506147985016472498407049675511769129569549177926280323267592945563238298592045119969540297478406685339438322569222929221247761743354548147208725393735671387603440069469174925852490692211141265239133181102215301
164516681047006812190606956572306552805310126920934510455310743698593046456846523650966859036469828748322980359985063479031252248396914019292658812737722143094219161668186422128668876959207851043353918864565684470214912256287581995881381636517076330854683835823511964393982673424968192213645613190663705407003
105493165190800008214618780702476933256989723378501637588948043957945041597854464017196937641029571670530233439980465117319358647080611320950599080410314503019159710488265231712539542456006708750972033516861728239710223489659802961305710862593890706960378856745823256331179236528635719304676264776489167564257
158688739774542851285877399126926830650304850246192412761534207153802037042281473921518902317395812782883310646412422516829080967801796021506369906066919928246001590230913984844598739285093413910147707284632546632206664502715274469059215435607574199628752598253250073739416579698594389825105060066986271318293
168627565039572761620290989580922727262565811824270364615818372915396382180790015698922288102136430840458497516299938162249801936232574881591659284981299155061771465130570218062099223367188944690281143757873943463785541982542370785683301462745887144488961508004636803266424870885673406656805076854808717111989
173560727759722302044151893057626485931613301766395543639420509326270711164681466793481650639804003492606414416247915917710657627490882260035353519487416395443238880705945452542373542629779620939536265253516794159681224457230707554256827041957622555303450260023005383369470205941599294286159051977917420595851
121246790471942288075528254166060833418671721929434687659708219435775840457349812452293653645857061973308437992207515152842795207110046482768189939247196949781051092300808334995620660648022452566533901303047214193079017622802481073587910053968177797385410339125733211732871840381553449787998350012211218937811
159016996881854798331403760770938027108335556907469108442652166197675209538363349552874131931535055488956796759777904343296061974936476560600958240059299401852399504212284106087906027006672641945727641426596383915321848383589952185614748946206111727607669908302506143923592573610591327476621524083364998263301
163458592340212515431227160373043760271129744321380421115552617198024297960822832015514729328380284660984079061495168362629781204271018375307930051369017845847653920063751477082935936563774801741979793024281198603416105799311369586900782038545198390246955926704940873492717871251343758232099027168447492044393
130097785623777687514479731730780710051416558365175865332975400345509771291942596765050928948279073093479456510234883256857270032602244184719100911957487405231817180203608034644163207404737173717582125370682565424903887532106100479988288222419415488423154384321321354954467520008061272293055394956910830213417
