10385842772589801829890803876610844759866292432913271511358770306309803564188411047352573586940956550709545615601942930724505122340564707242580241942919035
11134320748100558963601330615288740853601145645852352756243421837842248010091801278777870854027176388941420703652933462465763167666209362017161781845061123
10443076915280529373602054227581197418394554548927325137239152509075150228206416965145037032503407577325512573934637754867234596506553612184109412422400741
6729180178141401123778108329359597205919233095387573606278119199945979253543616876355411945409853847737453043332775600446217423358300864803552496163822059
9501428949061954858453098415259736150677510112698949264744825520111110269675493235918732526093832165890468676118776513155630028296070470442307816245339933
7204486428710109587231920132883268680950255892418308003479161832564103184912467743366664263900647640815940125037557900538771804997701746486230833514214877
7620454308259873476950962870036290049244248570561723436176170000382232988872509448783786824393896513899267251113785232590172994036625973609159217474933699
12988781053074307674570692372470897691944370323670278752555872346341201043279128755687362799427215770625807169047745970427029996838453192089960115528196949
8823383721444109955104481949338099057945772301119648223003058486315104793594066250237083408663983129997903408779651667525251784720175728119677852065029293
12090450794966305999560528924451369413709067518682359958692746355336307683358322078526861689247868514638733897728303898549090064177808868971587363933650709
10107967875024900274899730783602021728735318502893585480349759687519868257356719362231179962869551912337335783665776429992801501405464429745248983067324343
7625808830375668735499098697519697845781267959882105190163131178012907973223078880539334816711005123557387977539620300574674007797463767777411120537959307
10272700027381130646617271350936493358140017132462262385179385449760157658066337863179767043190802413183466209093397591948630651735289670040479829317426669
10745583230205157797050171338520644652803016312570372306035341215569920494262636653630420111381400408434503435902571136416333444466573841628308059230121949
7034783932699350255222658536850535452659199720202379337440947155200655997093183966443094970564234738561101232763984773070575603883936196167368439092704573
12630720775083689537689525202057043036177208928460241619801636164827921012270825721381603738343993564410449450490148324841309989342961712966661522372025869
12096794172283749903610507800967567980615279766568011876649331856234827207456362434491693760991024738642405109918501818611798917654981089480981863650194065
12593133893995399111459013981979836711992735781101797744300485855108748497107054562354192964224568855849755022883781376323190492334090316292627129344618163
9722545832615567932587841252851795220885318830059080532990693908597974201998993486730963187131540183490331412813861476388351150316497596401059500365488697
10695872922922283251568458351749831547996076173369551023859707476216642460210222198601657080226131973424786397501274865347689800597680047415044936084578923
11141522780019003051737696810159359086866457431246065833512847268583196563057370201154454489934026213814414990341410165883519605395697606087686317966996521
10764426351384448974739641931894354023619488114384968398904712388716555161812806804901939268936413150647545409891457937336931822085102449206032064894266155
9239632042696231044732691279049149504653616781440088830384366765757371971139026756874243298344800245325087625609324048448378939315296434075594822991671195
10183581150091061742899158970849809099794737557493708324084850107838759114907898770621107736219425368513751252849103290504134348567203337240378230785392755
7817918439641922244989385047472622924127748202797050040500958213389297563482008089698972490744157117781514395877972923916437923279744965942474912916901695
9549508137973793637642088700083786435323588263874177651639216555370933871862717009084821998315012020024972977009119524572683056805301685138271781101976661
8360556428480084813307591467677361315406679191041087690568194784257676742550075936353535743783706066452019040206667412943565862044777073636350179047940967
12061057526506463547446926165090517853841858607847599596148299528549347115385815607174727485221751184368748930275697814320843367903577022455207934321855145
9549378355804243558165227715779370643007218085228583841110428754450222085273590040685296573108664202849964752804813462469653042441371020231129528133984285
12241987049568432338384809493825236500440096917298458340981003356615981732204776687070210441383494812436644187292089616924379571223598425583902318328670349
9731233659338969131074376387980814080816791850488353366618271261513275021486530671083205182787713803827704938965104527960204999191802617963271836061152625
13097278496115356916248474784430136092988791465162798696631141849293048527767977428529936212854644482431811420048298218142728739943187266716761191326976161
12036866508313712683591913360396597858436485046477181509173617231073500193343717407658802363970254327461190601710897012518973452112552368312086816425976935
8000067387675209075519201885290934551271028087824483352172770757018101858538319191400699559920558763760470317032260343158254203179390866819942802900643961
8710714494339202497240570556245976800072776647608067103888613723763750869859217180220811942460682948661008895519578388476992749812297893961204756231566471
10060697556700529982850374873752830393177019398433286614340325519209640679497806473880057792700253602514839161298335367914367913349503644773930983760352557
11479392851440518022034112905862872604928304262832754426512708374651904734080506578174255487126773298613627787916690106641857731447373562423364753571525155
8754643464430982079484457583716061563539853640434682210062301774982659538606659484101680704227848479890836221890433523206751649012066839577318184607856291
10385936895036846687141085083481128869330976045353042720949336582413144451437382059770743079312645665635981902637405974190006765214645540283849260633709749
13313199300505783999987168252265636024129726190791468127465834944145808958231161190704024196000013490355210384881334266885293407345927768904420179857543957
8152306816878780728266768962387943229993510828953158572943758012228741571735775304711727576540417580098303897436600745895381116342979243552317219131342435
8397120048659339756609228634139789516219783012153263680388485522637529001846968168563027863647229001677524933360022294447791646333888981364894653681213931
11365584248603258188223383208064217293351164269636106759562364043585456452495555143290678446005943014672482548647552155677857293526284183958324152465984745
8481063374221246436241990247718407868784015844868538393501134330800806910295897281910443889228644649885672029943910263529173412271663899417648638193122473
7688155989609921094133159201270045873963288310084865370413081847680264227082893618488991915165965784207573381276027607142662902191636684605547327342375525
8710000943904944748914447901817537811547623152529327682205520107150071258058215208845369135478291261183080306135040063220316575948865308477493452157485697
10514944814316145404351027845058906965138914998081361395421084350133588400844705163196751027762741911401290330884531489151967176214347141428117206621979263
6862752927039931528402704541132285649039070833131431969964461376376494688732339544738962565128634818255518511021254173072366084785146946011935703639775423
10784867731668502451210094815764433756694031054060084082764842187572265796049826825519498345081812854409920173098586975855342554643826378356777798497595671
7773643062638919877994361551514320393808493725374322073911987998541803147798929645411163071488667164263439979066351762454587280058309131359636022280295525
7165322666068503361985831063635789376620282774526827309483729723772096392538289731504285302266186899182822789998150406968023886044634025427576404485245871
10931186605605313946945364926990383732779167864103114950883147340880419439427702751219487833408754916211552996483279410516685015497410531909468564507730997
12338113629409880956152874880246681010540676202517666421320209877983625635737229786319553748952290364666206774744586198327692587505434807845824926284328191
7644750786868656269750088527602001881755825549584545322143919448350515254321397567836271196324759728190817041254746029339758690806584894990359606553045869
9257814564989443668544840421089700885740764380885052802564810972885916796506924754860904241475188480669529127039735744651802410581793352536498360717185635
11212581700539258739856040409608783989901425030531082589653226758102755827048888902170329210530229658343674406512561937726054425611919743307909491702775351
12377046999472024831490840709500156527394253343919942094374827599772029560482643083978906085676523349867610085607186984486305047635573213679136450321646611
8137941819371988728829383968789974600949710431679339567866759452920938344060155634485544726742644196180223994757250591709103056381428606930853207946272535
8709293568335097026050780629084304609824564920057419003204692976659286646063248082822488754077636559701177586892659399586069373109781846852407192208425123
7261222392846873806150706438867444191846164765722565528106710159556534388146803323570732904023553458949823513254667935795174204732898072316504551379784369
9835944570920267408014162566983665095020439510038748034683596432577745521911887139728527301433658848510388887497369003687219678523017458176955402916297371
11819675410816598248554634987111429648156211392598981113026824549410804942533166559848326281044348118243454221800828266575555079718610986251113012844263927
9961282601283563870672396598131750398971962471649037933367985546749957950631646191600036492407092432740865744543993045912601083616520908725388970192558545
6894532005481986925467396179038611834226722231462394363350138492216097302979942057154520865912807328392681727822006255013868677426903180550113389982783571
7969208464116240994709164724782991013052812961334400876997070871416939327060800401193204664929117766382081839330483590325997590573977011844831562997826997
9584844759254688745281097370330835734451686651173181417644398266544289314152598532893322864977906574003689045025519443806295935194041438600539801143539819
12067332770083843586235288322636105252967429406769680303558080857077593564847375544311757927635923577114080906657411582296261272738847371558516490495251129
8117451502487215651653358726734308439789369872342130869624615768734416216675003069622252133526569297807233664190276698634295259548609625741763390469156821
9397743935094807095880179149595818993767167808838390733721728997816456252750100732169587979152597418308066534080345559522637110249780834537687351263224975
11509167816667405708396507743275577020289994253731325965905571824075273333925100567898928310998913712784783501720836338913348722367205580218300510067529899
7801769384897824320122338250456291037298689437551066302590713436993722415805240215967766594194298967227966995551331249495744462829027761808867804356601589
7218646934633946874188503043628193594194549254785506785345640786698185874685712313451145952635178561363984111923795301546426187557715445804012333814953843
7552266614531625485383655105699282912870908971592216970437831534413944221182881378085674677323873096090383797544108795724448703872004340283398552604301983
7685827240465401318386676324501360906820292124912607102065229118781786142742849616507985656742719846837288923893257224426992033967442661789185947097067257
8032227893366571440021502524024988725167844259607038598521838405279329637066025922859673358479559341633049240417116869415223114148623332095996976942904845
12028895499762074344081768679600106640871370111849512059275462980663899265020350378993919057293386409708984371137208454069088744819817288227787767088260357
12937323847185711680989004437225946593689624281663023592403051798788677135503854897629376646675910116935946581905138148514721454365186377699720460707477325
12535654204790531410630307074808769549215922694837358977781744702368481374073402260531725962633100627307856188419931609227254300289798857932365380070604907
11146421191550938710188121505690129641458444175013719200205127719108186072980554655891082586357856756748512077463229976574731281738791707781615522465719003
12910324569562684876965937197601236051591791467307126570289992147186138520995746901766727791457220570626990677993224012117280765154676454038742378332188261
12423440834757605895763906905531860749547556959211210666730233885178409890322742826675161049485469795095924273155430194837210680889096137371979925324574775
7404961741062979815504932579674858938265546220903135191164353857236047872879505533437357957005921545580815568708457319085287219832573897835490788528906907
11952425219137921363135630428009839932940318684567826479865446448090426578270428231694343308138873903862734307674097285787401363816292893498483769177899533
7940211322580874656642480068751942803595147865969531360751560052360432333067365456462110286307077468060833792704349804091979752099205662913637695020871467
9181532863874521932467175429581502960212996186577558897864471984254063890202972065168059497291002823056822634043823191440926768463890892683739055331254157
10248046060688354359173937131373183312634345074392106765094407635325550306925972787747695112946458413607388917620210896351834029567823980454496816791452097
10402554502787772727123508138269410243220672673806670786604874865624118714777508963565665089341395145784111474525566820222162869976512576990583946549409365
7398244179673482967929194693464733409292471962810261321777892096459452728192143070683072386355756928988424353689690762349148509408932823033706449003979711
8213435787368072293303690042942147832109630062440076767590436972057553654246150993166249412575820553691166015176888144139523881063045140275634490744562231
12627650255788535204183745858743682107392565601017534368596649691726842007920925707996447545452375983736654541809114224245668132081389423560973220734442865
10995922932266453045010183290227228772754690233944320405842568745626102711509756040156019090063738971182282038513942362178384290776917457090853500112673615
10465342535449303220819682174520166572755021270417079823126850569862292523969529703421619144297145960931921561260559308658078210257686193944053483460786551
8182905686551948917722891182676545332977514638784603859666034795190496116938592902755616568264781723416669014273989307182360129473342495912293678954375995
12616714647352979055728345042002958892702555423377218330639493080236624010829225170569654544726607794474521471867419110741871708220232109056107312773407745
9432433846543185525951506043660369338594728273024894088168409902552555973945671556430925937416030699401661733830620230361471398252789370378688101495073465
11280462344381976247825854545006079518807981780771188297150214428305287286033389076038951723049859549048618887769093828477582215741413947983292373797416837
7397621313549337122813613982212541185224611083707531822751336351432216453565935549737071324662622969269558478295186620659572629377602250425777746106734671
7804947951361282309065225829495799421433446878829811580182082564328026701276549882469147326901535417854250938781180992608287127959106825734967985318807765
8252090603595668031265245631819614670810700587210990783956657360402021720948013004436916772025642928872809317806226698678731964398203215333490323957798219
8940002048191373559983639972659172212260978010411582078119700411745700814843339679621304935070168884321131322356621616132416460052196233936960513156684861